1.000000000000000000e+00 7.025155618290404025e-01 7.641166755638520991e-01 7.228121690499738072e-01 6.993327018293484798e-01 7.229376810436811684e-01 7.306783268660733688e-01 7.505811412177374464e-01 7.567218781675766337e-01 7.640940876008087690e-01 7.515113422263702825e-01 7.689567399788068691e-01
7.025155618290404025e-01 1.000000000000000000e+00 7.491868468637848943e-01 7.185915428902545088e-01 6.893461768166159187e-01 7.141955482136089772e-01 7.180419301929619191e-01 7.380018917014689039e-01 7.428851067723492019e-01 7.458743347460912165e-01 7.433713613359618222e-01 7.567906212443581415e-01
7.641166755638522101e-01 7.491868468637850054e-01 1.000000000000000000e+00 7.749275005362489255e-01 7.383487767467975527e-01 7.774592827517653459e-01 7.782004932450469203e-01 7.981052264297014975e-01 7.926201682323199549e-01 8.085862870839266581e-01 7.977397192592711184e-01 8.147708249155898308e-01
7.228121690499738072e-01 7.185915428902545088e-01 7.749275005362489255e-01 9.999999999999997780e-01 7.004036774645161501e-01 7.420969836623079186e-01 7.407243842924505772e-01 7.631284803136159089e-01 7.609139893056551252e-01 7.715568693116516830e-01 7.621436758281185941e-01 7.826534201341592834e-01
6.993327018293484798e-01 6.893461768166159187e-01 7.383487767467975527e-01 7.004036774645161501e-01 1.000000000000000000e+00 7.167735000688014724e-01 7.083445555943136407e-01 7.313919289260417678e-01 7.393679834137443230e-01 7.403178299392099149e-01 7.320349633949969625e-01 7.509700166547460531e-01
7.229376810436811684e-01 7.141955482136089772e-01 7.774592827517653459e-01 7.420969836623078075e-01 7.167735000688014724e-01 9.999999999999997780e-01 7.422803675644504828e-01 7.626672895708758171e-01 7.626497459033629855e-01 7.730749189029196833e-01 7.594079181743559337e-01 7.857738848479798310e-01
7.306783268660732578e-01 7.180419301929618081e-01 7.782004932450469203e-01 7.407243842924505772e-01 7.083445555943136407e-01 7.422803675644503718e-01 1.000000000000000000e+00 7.681864215449958344e-01 7.684051342079836200e-01 7.779882967202740307e-01 7.685189122859863442e-01 7.874684410632823983e-01
7.505811412177374464e-01 7.380018917014689039e-01 7.981052264297016086e-01 7.631284803136159089e-01 7.313919289260417678e-01 7.626672895708759281e-01 7.681864215449959454e-01 9.999999999999997780e-01 7.813524095255324209e-01 7.924492735350107120e-01 7.847820150472805123e-01 8.036893522356363118e-01
7.567218781675767447e-01 7.428851067723492019e-01 7.926201682323198439e-01 7.609139893056551252e-01 7.393679834137444340e-01 7.626497459033628745e-01 7.684051342079836200e-01 7.813524095255324209e-01 9.999999999999997780e-01 7.935026415678183564e-01 7.865838236799678196e-01 8.098161414945777015e-01
7.640940876008087690e-01 7.458743347460912165e-01 8.085862870839266581e-01 7.715568693116516830e-01 7.403178299392099149e-01 7.730749189029196833e-01 7.779882967202740307e-01 7.924492735350107120e-01 7.935026415678183564e-01 1.000000000000000000e+00 7.970051600967833494e-01 8.220471375686927429e-01
7.515113422263702825e-01 7.433713613359618222e-01 7.977397192592711184e-01 7.621436758281185941e-01 7.320349633949969625e-01 7.594079181743560447e-01 7.685189122859863442e-01 7.847820150472806233e-01 7.865838236799679306e-01 7.970051600967833494e-01 1.000000000000000000e+00 8.112374073773456207e-01
7.689567399788067581e-01 7.567906212443582525e-01 8.147708249155898308e-01 7.826534201341592834e-01 7.509700166547461642e-01 7.857738848479798310e-01 7.874684410632823983e-01 8.036893522356362007e-01 8.098161414945777015e-01 8.220471375686928539e-01 8.112374073773456207e-01 9.999999999999997780e-01
