1.000000000000000000e+00 -7.937896769815278031e-01 -7.809011341303465636e-01 -8.051200683393752167e-01 1.165288972768725173e-01 4.646953101898272931e-01 7.953205277939855433e-01 -8.916991322361295103e-01 3.133061735043507490e-01 -2.435666875500187289e-01 -8.518152591012085884e-01 2.092001875290352420e-01
-7.937896769815279141e-01 1.000000000000000000e+00 9.987958274285390070e-01 9.973243883853358804e-01 2.608721187077013282e-01 -2.677772328756796716e-01 -8.731323186660531199e-01 6.803237427898516376e-01 -1.678303685970831960e-01 3.205494329520818253e-01 5.544377849665066416e-01 -7.177334439928088894e-02
-7.809011341303465636e-01 9.987958274285388960e-01 9.999999999999998890e-01 9.925624326322387558e-01 2.892107306682520362e-01 -2.513813574626462266e-01 -8.656920357725272908e-01 6.783571222897930575e-01 -1.627144905796358842e-01 3.250792505952265765e-01 5.496201099765620768e-01 -6.679927419767343888e-02
-8.051200683393753277e-01 9.973243883853359915e-01 9.925624326322387558e-01 1.000000000000000000e+00 2.182805872920722257e-01 -2.908398831692050046e-01 -8.792875681261720366e-01 6.759325759682015544e-01 -1.751902134210077677e-01 3.100483914960213139e-01 5.545378473518809415e-01 -7.991707353079606502e-02
1.165288972768725173e-01 2.608721187077013282e-01 2.892107306682520362e-01 2.182805872920722534e-01 1.000000000000000000e+00 8.141078376737024280e-01 -9.285426109677885620e-02 -2.305796817124833031e-01 7.344208374058032174e-01 5.838865797224344067e-01 -2.939375026859190054e-01 7.530113375621718674e-01
4.646953101898272931e-01 -2.677772328756796716e-01 -2.513813574626462266e-01 -2.908398831692050601e-01 8.141078376737023170e-01 9.999999999999998890e-01 3.370808976032025339e-01 -6.151420762881270043e-01 9.356628393800900945e-01 4.918551215248535557e-01 -5.849944681768293187e-01 9.065717056632618398e-01
7.953205277939856543e-01 -8.731323186660532309e-01 -8.656920357725271797e-01 -8.792875681261719256e-01 -9.285426109677887008e-02 3.370808976032025339e-01 9.999999999999998890e-01 -7.600977621928968198e-01 2.906279004222905304e-01 -2.032748036968604899e-01 -7.348715345451463099e-01 1.936579384918584446e-01
-8.916991322361296213e-01 6.803237427898516376e-01 6.783571222897930575e-01 6.759325759682015544e-01 -2.305796817124833031e-01 -6.151420762881270043e-01 -7.600977621928967087e-01 9.999999999999998890e-01 -5.355252802235330734e-01 1.108166818699821143e-01 9.057615932572820050e-01 -4.583069655369075845e-01
3.133061735043508045e-01 -1.678303685970831960e-01 -1.627144905796358842e-01 -1.751902134210077955e-01 7.344208374058031064e-01 9.356628393800899834e-01 2.906279004222905304e-01 -5.355252802235330734e-01 1.000000000000000000e+00 6.182905914682640391e-01 -5.641679052358826718e-01 9.727305223916234977e-01
-2.435666875500187012e-01 3.205494329520817698e-01 3.250792505952265765e-01 3.100483914960213694e-01 5.838865797224342957e-01 4.918551215248536113e-01 -2.032748036968604621e-01 1.108166818699821143e-01 6.182905914682640391e-01 9.999999999999997780e-01 -4.460903791729519535e-02 6.926582206750657722e-01
-8.518152591012085884e-01 5.544377849665066416e-01 5.496201099765620768e-01 5.545378473518808304e-01 -2.939375026859190054e-01 -5.849944681768293187e-01 -7.348715345451461989e-01 9.057615932572818940e-01 -5.641679052358826718e-01 -4.460903791729519535e-02 1.000000000000000000e+00 -4.505260136498571155e-01
2.092001875290352420e-01 -7.177334439928087506e-02 -6.679927419767342500e-02 -7.991707353079606502e-02 7.530113375621719785e-01 9.065717056632617288e-01 1.936579384918584446e-01 -4.583069655369075290e-01 9.727305223916233867e-01 6.926582206750657722e-01 -4.505260136498571155e-01 1.000000000000000000e+00
