1.000000000000000000e+00 9.622070871572609985e-01 9.599930316568457966e-01 9.746995307469685788e-01 9.493415697549298926e-01 9.509324438969506410e-01 9.594726173562873051e-01 9.503755293148504757e-01 9.253806729909325179e-01 9.506415530466081343e-01 8.863746078777139381e-01 8.463183987783943207e-01
9.622070871572609985e-01 9.999999999999998890e-01 9.509463745107885613e-01 9.388479214757798896e-01 9.688339465648760918e-01 9.679954663317608121e-01 9.677773617924944061e-01 9.312347343205973349e-01 9.426417472833347189e-01 9.481478176373318023e-01 9.171336521627393434e-01 8.667753706349745624e-01
9.599930316568457966e-01 9.509463745107885613e-01 9.999999999999997780e-01 9.474486382803352091e-01 9.332141989583765396e-01 9.368530282165626888e-01 9.487002836893991820e-01 9.427788066218912855e-01 9.328532686880208757e-01 9.508619478840184547e-01 9.183879018891109025e-01 8.841049810677441556e-01
9.746995307469685788e-01 9.388479214757800007e-01 9.474486382803350981e-01 1.000000000000000000e+00 9.299131018406929794e-01 9.411084204837267819e-01 9.444637288563737521e-01 9.772137030213950970e-01 9.173180114507474281e-01 9.654520777796952169e-01 8.823146681768299082e-01 8.368082532542595597e-01
9.493415697549297816e-01 9.688339465648759807e-01 9.332141989583765396e-01 9.299131018406929794e-01 1.000000000000000000e+00 9.816421965401463945e-01 9.533330943886508813e-01 9.138259054856547881e-01 9.483873956674728767e-01 9.377536908096841817e-01 9.165811747025434109e-01 8.740901620745957779e-01
9.509324438969506410e-01 9.679954663317608121e-01 9.368530282165627998e-01 9.411084204837267819e-01 9.816421965401462835e-01 9.999999999999997780e-01 9.595615258213374688e-01 9.320190124422553790e-01 9.606151487332684757e-01 9.503116967957891958e-01 9.243210394935968965e-01 8.665940263300166979e-01
9.594726173562873051e-01 9.677773617924944061e-01 9.487002836893991820e-01 9.444637288563738631e-01 9.533330943886508813e-01 9.595615258213375798e-01 1.000000000000000000e+00 9.396679140384420759e-01 9.587457923746857125e-01 9.594606619250066748e-01 9.270623154175466896e-01 8.850209261146407824e-01
9.503755293148504757e-01 9.312347343205973349e-01 9.427788066218912855e-01 9.772137030213952080e-01 9.138259054856548991e-01 9.320190124422552680e-01 9.396679140384421869e-01 9.999999999999998890e-01 9.234297398639983445e-01 9.730361290229257998e-01 8.980940466801669020e-01 8.480380366237811884e-01
9.253806729909326290e-01 9.426417472833348299e-01 9.328532686880207647e-01 9.173180114507474281e-01 9.483873956674728767e-01 9.606151487332684757e-01 9.587457923746857125e-01 9.234297398639983445e-01 1.000000000000000000e+00 9.558992880878468545e-01 9.676117533052982500e-01 9.217795475294837670e-01
9.506415530466080233e-01 9.481478176373318023e-01 9.508619478840184547e-01 9.654520777796953279e-01 9.377536908096841817e-01 9.503116967957891958e-01 9.594606619250067858e-01 9.730361290229257998e-01 9.558992880878469656e-01 1.000000000000000000e+00 9.417083121576962368e-01 9.027768614033461203e-01
8.863746078777139381e-01 9.171336521627393434e-01 9.183879018891109025e-01 8.823146681768299082e-01 9.165811747025434109e-01 9.243210394935968965e-01 9.270623154175466896e-01 8.980940466801669020e-01 9.676117533052982500e-01 9.417083121576962368e-01 1.000000000000000000e+00 9.577400042804204983e-01
8.463183987783943207e-01 8.667753706349745624e-01 8.841049810677441556e-01 8.368082532542595597e-01 8.740901620745957779e-01 8.665940263300166979e-01 8.850209261146407824e-01 8.480380366237811884e-01 9.217795475294837670e-01 9.027768614033462313e-01 9.577400042804203872e-01 1.000000000000000000e+00
