1.000000000000000000e+00 7.946422575961478163e-01 7.786337881822773532e-01 8.154355738247947016e-01 6.296448035380109998e-01 8.987484904216238579e-01 9.992783472667979838e-01 7.160772528773732271e-01 2.976460767155319487e-01 4.089097988871837064e-01 7.171443557949910286e-01 6.261187175503689362e-02
7.946422575961479273e-01 1.000000000000000000e+00 9.996605882859438408e-01 9.993848079331733025e-01 2.871485548938228910e-02 4.480051035601116394e-01 8.170875015412928377e-01 9.927759249795384822e-01 3.430279063792677219e-01 8.789396643267533005e-01 9.929565419159170903e-01 5.561298897420333676e-01
7.786337881822773532e-01 9.996605882859437298e-01 1.000000000000000000e+00 9.981392714110964848e-01 2.790839855349149402e-03 4.246704776276189475e-01 8.018589676496790108e-01 9.955550367104712972e-01 3.672776159793590955e-01 8.910093442363397065e-01 9.956980880542365409e-01 5.774822177089455888e-01
8.154355738247947016e-01 9.993848079331733025e-01 9.981392714110964848e-01 9.999999999999998890e-01 6.373993508855857471e-02 4.790696465784942681e-01 8.367932833092335265e-01 9.879621954020920693e-01 3.098941679014025063e-01 8.616810094713146517e-01 9.881967792986972032e-01 5.266507119441272700e-01
6.296448035380109998e-01 2.871485548938228910e-02 2.790839855349149402e-03 6.373993508855857471e-02 9.999999999999997780e-01 9.065237426464256565e-01 5.997320909346421924e-01 9.140124508851629748e-02 9.290591841099657966e-01 4.514898437498993666e-01 8.987520436869797513e-02 8.147741376565303950e-01
8.987484904216239689e-01 4.480051035601116394e-01 4.246704776276190030e-01 4.790696465784942681e-01 9.065237426464255455e-01 1.000000000000000000e+00 8.814787313306029493e-01 3.375175725444879427e-01 6.860933563380873235e-01 3.261953356238179308e-02 3.389576884877008589e-01 4.938648093939690953e-01
9.992783472667979838e-01 8.170875015412927267e-01 8.018589676496790108e-01 8.367932833092335265e-01 5.997320909346421924e-01 8.814787313306029493e-01 1.000000000000000000e+00 7.420223048543753697e-01 2.612467496140066237e-01 4.432130950474521547e-01 7.430457824588290183e-01 2.472194157035528805e-02
7.160772528773733381e-01 9.927759249795385932e-01 9.955550367104711862e-01 9.879621954020920693e-01 9.140124508851629748e-02 3.375175725444879427e-01 7.420223048543754807e-01 9.999999999999997780e-01 4.532417234122668726e-01 9.298055702571347281e-01 9.999984613160489699e-01 6.518048345870709470e-01
2.976460767155319487e-01 3.430279063792677219e-01 3.672776159793590955e-01 3.098941679014024508e-01 9.290591841099656856e-01 6.860933563380874345e-01 2.612467496140066237e-01 4.532417234122668170e-01 9.999999999999997780e-01 7.494933798813336878e-01 4.518787155541494904e-01 9.714068877357676657e-01
4.089097988871837064e-01 8.789396643267533005e-01 8.910093442363398175e-01 8.616810094713147627e-01 4.514898437498993666e-01 3.261953356238179308e-02 4.432130950474522102e-01 9.298055702571347281e-01 7.494933798813336878e-01 9.999999999999998890e-01 9.292395842358298630e-01 8.851754315000324169e-01
7.171443557949911396e-01 9.929565419159172013e-01 9.956980880542366519e-01 9.881967792986972032e-01 8.987520436869797513e-02 3.389576884877008589e-01 7.430457824588291293e-01 9.999984613160488589e-01 4.518787155541494349e-01 9.292395842358297520e-01 9.999999999999997780e-01 6.506388661956770125e-01
6.261187175503689362e-02 5.561298897420333676e-01 5.774822177089456998e-01 5.266507119441272700e-01 8.147741376565305060e-01 4.938648093939690953e-01 2.472194157035528805e-02 6.518048345870709470e-01 9.714068877357677767e-01 8.851754315000324169e-01 6.506388661956770125e-01 1.000000000000000000e+00
